0.602060 -3.802066 -3.821196 
0.698970 -3.765860 -3.758527 
0.778151 -3.736277 -3.718282 
0.845098 -3.711266 -3.686380 
0.903090 -3.689600 -3.672750 
1.000000 -3.653394 -3.644773 
1.079181 -3.623812 -3.632167 
1.146128 -3.598800 -3.603258 
1.230449 -3.567298 -3.599689 
1.301030 -3.540928 -3.558658 
1.380211 -3.511346 -3.526989 
1.462398 -3.480641 -3.481982 
1.544068 -3.450129 -3.446244 
1.623249 -3.420546 -3.428700 
1.707570 -3.389044 -3.378289 
1.785330 -3.359993 -3.366457 
1.863323 -3.330854 -3.321548 
1.939519 -3.302387 -3.307134 
2.017033 -3.273427 -3.286114 
2.096910 -3.243585 -3.212114 
