0.950699999999998
0.951430000000002
0.950409999999991
0.95111
0.950680000000006
0.950900000000004
0.950549999999993
0.951049999999995
0.950569999999999
0.950330000000008
0.951309999999992
0.950910000000007
0.950230000000005
0.950739999999996
0.951319999999996
0.951149999999998
0.950410000000005
0.950689999999994
0.950890000000001
0.950969999999998
0.950600000000009
0.951139999999995
0.950490000000002
0.951449999999994
0.950540000000004
0.950739999999996
0.950240000000008
0.95129
0.95102
0.950819999999993
0.950900000000004
0.950540000000004
0.951129999999992
0.951099999999997
0.950050000000005
0.950980000000015
0.950409999999977
0.950640000000021
0.951149999999984
0.950780000000009
0.950279999999992
0.950919999999996
0.950960000000009
0.951240000000013
0.950619999999986
0.950780000000009
0.950549999999993
0.95098999999999
0.951330000000013
0.95062999999999
0.951160000000016
0.950789999999984
0.950680000000006
0.950709999999987
0.950670000000002
0.95111
0.950760000000002
0.951000000000022
0.950549999999993
0.951359999999994
0.950449999999989
0.950580000000002
0.950340000000011
0.950610000000012
0.950949999999978
0.950370000000021
0.950909999999993
0.951099999999997
0.950439999999986
0.951120000000003
0.951030000000003
0.950590000000005
0.950950000000006
0.95068999999998
0.950260000000014
0.951439999999991
0.951120000000003
0.950559999999996
0.950749999999999
0.950760000000002
0.950960000000009
0.95053999999999
0.950720000000018
0.950289999999995
0.95147
0.950359999999989
0.950739999999996
0.95129
0.950700000000012
0.950449999999989
0.950839999999999
0.951090000000022
0.951419999999985
0.950420000000008
0.951419999999985
0.950200000000024
0.950969999999984
0.950549999999993
0.951130000000006
0.950600000000009
0.951300000000003
0.951279999999997
0.950420000000008
0.950889999999987
0.950590000000005
0.951369999999997
0.950199999999995
0.951259999999991
0.950700000000012
0.950590000000005
0.951089999999994
0.951140000000009
0.950969999999984
0.950960000000009
0.950609999999983
0.950440000000015
0.950790000000012
0.951209999999975
0.951420000000013
0.950999999999993
0.950289999999995
0.950440000000015
0.951439999999991
0.950600000000009
0.951059999999984
0.950260000000014
0.951040000000006
0.95080999999999
0.951120000000003
0.950770000000006
0.95062999999999
0.951670000000007
0.950839999999999
0.95062999999999
0.950630000000018
0.95080999999999
0.950860000000006
0.951009999999997
0.95089999999999
0.950360000000018
0.95080999999999
0.950919999999996
0.950749999999999
0.950620000000015
0.950609999999983
0.950670000000002
0.950580000000002
0.951269999999994
0.951629999999994
0.950280000000021
0.950789999999984
0.950749999999999
0.951050000000009
0.950780000000009
0.950639999999993
0.950549999999993
0.951189999999997
0.951250000000016
0.949899999999985
0.950970000000012
0.950600000000009
0.950769999999977
0.951430000000016
0.950469999999996
0.951140000000009
0.950639999999993
0.95080999999999
0.950610000000012
0.95089999999999
0.950739999999996
0.950289999999995
0.95098999999999
0.950630000000046
0.95062999999999
0.951339999999959
0.950860000000034
0.950490000000002
0.950919999999996
0.950769999999977
0.950680000000034
0.950749999999971
0.951290000000029
0.951089999999965
0.950890000000015
0.950170000000014
0.95098999999999
0.950910000000022
0.950879999999984
0.949999999999989
0.951000000000022
0.951419999999985
0.950789999999984
0.950890000000015
0.950310000000002
0.950859999999977
0.951180000000022
0.950949999999978
0.95141000000001
0.950469999999996
0.951130000000035
0.950619999999958
0.950680000000034
0.950870000000009
0.950819999999965
0.950950000000034
0.951009999999997
0.950949999999978
0.950280000000021
0.951050000000009
0.951030000000003
0.950859999999977
0.950670000000002
0.950350000000014
0.950799999999958
0.951099999999997
0.950670000000002
0.950720000000047
0.950819999999965
0.951250000000016
0.950440000000015
0.951579999999979
0.950940000000003
0.951030000000003
0.950490000000002
0.950859999999977
0.951180000000022
0.950409999999977
0.951450000000023
0.950820000000022
0.95071999999999
0.951239999999984
0.951030000000003
0.950670000000002
0.950919999999996
0.950640000000021
0.950670000000002
0.951509999999985
0.950960000000009
0.950749999999971
0.950780000000009
0.950550000000021
0.951259999999991
0.950729999999965
0.950040000000001
0.951220000000035
0.950929999999971
0.950820000000022
0.950179999999989
0.951210000000003
0.950940000000003
0.950240000000008
0.95071999999999
0.950289999999995
0.95089999999999
0.950840000000028
0.950330000000008
0.950739999999996
0.950909999999965
0.950870000000009
0.950649999999996
0.951070000000016
0.950580000000002
0.950659999999971
0.950580000000002
0.95123000000001
0.950580000000002
0.950739999999996
0.951310000000035
0.950729999999965
0.951300000000003
0.951009999999997
0.95089999999999
0.950800000000015
0.950829999999996
0.95061000000004
0.950850000000003
0.950979999999959
0.950739999999996
0.950600000000009
0.950879999999984
0.950290000000052
0.950939999999946
0.950740000000053
0.95071999999999
0.95071999999999
0.950969999999984
0.950339999999983
0.950920000000053
0.950519999999983
0.950449999999989
0.95132000000001
0.950729999999965
0.951090000000022
0.951300000000003
0.950480000000027
0.95080999999999
0.950510000000008
0.950580000000002
0.951229999999953
0.950469999999996
0.951270000000022
0.950120000000027
0.951349999999991
0.951129999999978
0.950530000000015
0.950739999999996
0.95107999999999
0.950500000000034
0.950459999999964
0.951310000000035
0.95047999999997
0.950330000000008
0.950580000000002
0.95150000000001
0.950729999999965
0.950750000000028
0.95071999999999
0.950840000000028
0.950779999999952
0.950690000000009
0.950449999999989
0.951150000000041
0.950310000000002
0.950659999999971
0.950580000000002
0.950519999999983
0.95132000000001
0.95080999999999
0.950530000000015
0.951110000000028
0.95107999999999
0.95123000000001
0.950600000000009
0.951099999999997
0.950709999999958
0.950850000000003
0.950710000000015
0.95098999999999
0.950919999999996
0.950660000000028
0.950909999999965
0.95123000000001
0.950500000000034
0.951159999999959
0.950460000000021
0.950800000000015
0.951089999999965
0.951040000000035
0.950569999999971
0.950530000000015
0.951180000000022
0.950909999999965
0.95098999999999
0.950710000000015
0.950769999999977
0.951380000000029
0.951000000000022
0.950569999999971
0.950710000000015
0.950909999999965
0.950950000000034
0.950829999999996
0.950469999999996
0.951509999999985
0.950710000000015
0.950350000000014
0.950979999999959
0.951020000000028
0.950930000000028
0.950499999999977
0.950600000000009
0.951039999999978
0.950230000000033
0.950499999999977
0.95080999999999
0.951259999999991
0.950640000000021
0.951039999999978
0.950840000000028
0.950980000000015
0.950589999999977
0.950600000000009
0.951189999999997
0.950600000000009
0.951069999999959
0.950380000000052
0.951229999999953
0.951180000000022
0.950530000000015
0.950659999999971
0.950770000000034
0.950889999999958
0.950940000000003
0.951020000000028
0.950569999999971
0.950770000000034
0.95080999999999
0.951109999999971
0.951009999999997
0.95061000000004
0.951030000000003
0.950769999999977
0.950770000000034
0.950749999999971
0.95089999999999
0.950840000000028
0.951039999999978
0.95159000000001
0.951619999999991
0.950420000000008
0.950429999999983
0.950770000000034
0.951229999999953
0.950920000000053
0.950859999999977
0.95071999999999
0.950770000000034
0.95047999999997
0.950710000000015
0.950729999999965
0.950780000000009
0.951009999999997
0.950580000000002
0.95098999999999
0.950470000000053
0.95107999999999
0.950109999999995
0.951249999999959
0.950660000000028
0.951270000000022
0.950819999999965
0.951220000000035
0.950379999999996
0.951030000000003
0.951199999999972
0.950780000000009
0.95123000000001
0.950500000000034
0.951179999999908
0.950750000000085
0.950859999999921
0.951260000000048
0.950720000000047
0.950959999999895
0.950340000000097
0.951119999999946
0.950870000000009
0.950259999999957
0.951420000000098
0.950349999999958
0.950759999999946
0.950410000000034
0.950990000000047
0.950669999999946
0.950820000000022
0.950889999999958
0.950680000000034
0.950849999999946
0.950590000000034
0.950960000000009
0.950540000000046
0.951479999999947
0.950730000000021
0.950600000000009
0.950309999999945
0.950460000000021
0.951000000000022
0.950950000000034
0.951149999999984
0.950469999999996
0.950860000000034
0.950709999999958
0.951170000000047
0.950619999999958
0.951130000000035
0.950809999999933
0.950220000000058
0.951179999999908
0.950880000000097
0.950919999999996
0.950639999999908
0.950550000000021
0.951180000000022
0.950569999999971
0.950760000000059
0.95132000000001
0.950989999999933
0.950910000000022
0.95094000000006
0.951039999999921
0.950330000000008
0.950540000000046
0.951310000000035
0.950309999999945
0.950739999999996
0.951080000000047
0.950629999999933
0.950890000000072
0.950639999999908
0.95103000000006
